[gd_resource type="Animation" format=2]

[resource]
resource_name = "crouching"
length = 0.1
tracks/0/type = "value"
tracks/0/path = NodePath("body_middle:transform")
tracks/0/interp = 1
tracks/0/loop_wrap = true
tracks/0/imported = false
tracks/0/enabled = true
tracks/0/keys = {
"times": PoolRealArray( 0, 0.1 ),
"transitions": PoolRealArray( 1, 1 ),
"update": 0,
"values": [ Transform( -0.998562, 0, -0.0536084, 0, 1, 0, 0.0536084, 0, -0.998562, 0, 0, 0 ), Transform( -0.998562, 0, -0.0536084, 0.0195582, 0.931072, -0.364311, 0.0499133, -0.364835, -0.929733, 0, -0.271603, -0.408432 ) ]
}
tracks/1/type = "value"
tracks/1/path = NodePath("body_down:transform")
tracks/1/interp = 1
tracks/1/loop_wrap = true
tracks/1/imported = false
tracks/1/enabled = true
tracks/1/keys = {
"times": PoolRealArray( 0, 0.1 ),
"transitions": PoolRealArray( 1, 1 ),
"update": 0,
"values": [ Transform( 0.0536085, 0, -0.998562, 0, 1, 0, 0.998562, 0, 0.0536085, 0, -0.998222, 0 ), Transform( 0.0536085, 0, -0.998562, 0, 1, 0, 0.998562, 0, 0.0536085, 0, -1.28405, 0 ) ]
}
tracks/2/type = "value"
tracks/2/path = NodePath("body_up:transform")
tracks/2/interp = 1
tracks/2/loop_wrap = true
tracks/2/imported = false
tracks/2/enabled = true
tracks/2/keys = {
"times": PoolRealArray( 0, 0.1 ),
"transitions": PoolRealArray( 1, 1 ),
"update": 0,
"values": [ Transform( 0.998501, 0, 0.0547334, 0, 1, 0, -0.0547334, 0, 0.998501, 0, 1.0107, 0 ), Transform( 0.998501, 0, 0.0547334, 0, 1, 0, -0.0547334, 0, 0.998501, 0, 0.645879, -0.760717 ) ]
}
tracks/3/type = "value"
tracks/3/path = NodePath("head:transform")
tracks/3/interp = 1
tracks/3/loop_wrap = true
tracks/3/imported = false
tracks/3/enabled = true
tracks/3/keys = {
"times": PoolRealArray( 0, 0.1 ),
"transitions": PoolRealArray( 1, 1 ),
"update": 0,
"values": [ Transform( 0, 0, 0.812099, 0, 0.812099, 0, -0.812099, 0, 0, 0, 2.92441, 0 ), Transform( 0, 0, 0.812099, 0, 0.812099, 0, -0.812099, 0, 0, 0, 2.4552, -1.14416 ) ]
}
tracks/4/type = "value"
tracks/4/path = NodePath("hand_swervel/hand_right:translation")
tracks/4/interp = 1
tracks/4/loop_wrap = true
tracks/4/imported = false
tracks/4/enabled = true
tracks/4/keys = {
"times": PoolRealArray( 3.72529e-09, 0.1 ),
"transitions": PoolRealArray( 1, 1 ),
"update": 0,
"values": [ Vector3( 2.33714, 0.972432, -2.247 ), Vector3( 2.33714, -1.68318, -5.2235 ) ]
}
tracks/5/type = "value"
tracks/5/path = NodePath("CollisionShape4:translation")
tracks/5/interp = 1
tracks/5/loop_wrap = true
tracks/5/imported = false
tracks/5/enabled = true
tracks/5/keys = {
"times": PoolRealArray( 3.72529e-09, 0.1 ),
"transitions": PoolRealArray( 1, 1 ),
"update": 0,
"values": [ Vector3( 0, 2.92441, 0 ), Vector3( 0, 2.48044, -1.15255 ) ]
}
tracks/6/type = "value"
tracks/6/path = NodePath("CollisionShape2:transform")
tracks/6/interp = 1
tracks/6/loop_wrap = true
tracks/6/imported = false
tracks/6/enabled = true
tracks/6/keys = {
"times": PoolRealArray( 3.72529e-09, 0.1 ),
"transitions": PoolRealArray( 1, 1 ),
"update": 0,
"values": [ Transform( 1, 0, 0, 0, 1, 0, 0, 0, 0.803197, 0, 0, 0 ), Transform( 1, 0, 0, 0, 0.875701, 0.387827, 0, -0.482855, 0.70336, 0, -0.116577, -0.39881 ) ]
}
tracks/7/type = "value"
tracks/7/path = NodePath("CollisionShape8:transform")
tracks/7/interp = 1
tracks/7/loop_wrap = true
tracks/7/imported = false
tracks/7/enabled = true
tracks/7/keys = {
"times": PoolRealArray( 3.72529e-09, 0.1 ),
"transitions": PoolRealArray( 1, 1 ),
"update": 0,
"values": [ Transform( 0.998501, 0, 0.0547334, 0, 1, 0, -0.0547334, 0, 0.998501, 0, 1.0107, 0 ), Transform( 0.998501, 0, 0.0547334, 0, 1, 0, -0.0547334, 0, 0.998501, 0, 0.725067, -0.789627 ) ]
}
